B1,IDENTITY,10016433,00410016,30395119,35363638,512,84000000,00000000,0e000000
B1,IO,BOOT,1,0,0,0
B1,MEM,boot,0,0,0,0,4240,12144,32,8
B1,PREP,main-prepare,31909,12784
B1,MEM,main-prepare,17984,28272,493,0,11488,4896,32,8
B1,MEM,main-instantiate,22568,22800,95,0,16272,112,32,8
B1,TRACE,0,3,0,0,0,0,0,0,45,3740,101
B1,TRACE,10,3,0,0,0,0,0,0,46,3742,111
B1,TRACE,20,3,0,0,0,0,0,0,46,3742,121
B1,TRACE,30,4,1,1,0,0,25,0,5741,482238,137
B1,TRACE,40,4,1,1,0,0,25,0,45,3738,141
B1,TRACE,50,6,2,2,0,20,50,0,5671,476324,157
B1,TRACE,60,6,2,2,0,20,50,0,45,3738,161
B1,TRACE,70,6,2,2,0,20,50,0,46,3742,171
B1,TRACE,80,9,3,3,1,25,75,0,5672,476334,187
B1,TRACE,90,9,3,3,1,25,75,0,45,3738,191
B1,TRACE,100,10,1,4,1,25,100,0,5671,476328,207
B1,TRACE,110,10,1,4,1,25,100,0,45,3738,211
B1,TRACE,120,10,1,4,1,25,100,0,45,3742,221
B1,TRACE,130,12,2,5,1,25,125,0,5672,476334,237
B1,TRACE,140,12,2,5,1,25,125,0,46,3742,241
B1,TRACE,150,15,3,6,1,25,150,0,5671,476328,257
B1,TRACE,160,15,3,6,1,25,150,0,45,3740,261
B1,TRACE,170,15,3,6,1,25,150,0,45,3744,271
B1,TRACE,180,16,1,7,1,25,175,0,5671,476328,287
B1,TRACE,190,16,1,7,1,25,175,0,45,3740,291
B1,TRACE,200,18,2,8,1,25,200,0,5672,476334,307
B1,TRACE,210,18,2,8,1,25,200,0,45,3740,311
B1,TRACE,220,18,2,8,1,25,200,0,45,3744,321
B1,TRACE,230,21,3,9,1,25,225,0,5671,476328,337
B1,TRACE,240,21,3,9,1,25,225,0,45,3740,341
B1,TRACE,250,22,1,10,1,25,250,0,5671,476328,357
B1,TRACE,260,22,1,10,1,25,250,0,46,3740,361
B1,TRACE,270,22,1,10,1,25,250,0,46,3744,371
B1,TRACE,280,24,2,11,1,25,275,0,5672,476334,387
B1,TRACE,290,24,2,11,1,25,275,0,45,3740,391
B1,TRACE,300,27,3,12,1,25,300,0,5671,476328,407
B1,TRACE,310,27,3,12,1,25,300,0,45,3740,411
B1,TRACE,320,27,3,12,1,25,300,0,46,3744,421
B1,TRACE,330,28,1,13,1,25,325,0,5672,476334,437
B1,TRACE,340,28,1,13,1,25,325,0,45,3740,441
B1,TRACE,350,30,2,14,1,25,350,0,5671,476328,457
B1,TRACE,360,30,2,14,1,25,350,0,45,3740,461
B1,TRACE,370,30,2,14,1,25,350,0,45,3744,471
B1,TRACE,380,33,3,15,1,25,375,0,5671,476330,487
B1,TRACE,390,33,3,15,1,25,375,0,46,3740,491
B1,TRACE,400,34,1,16,1,25,400,0,5672,476334,507
B1,TRACE,410,34,1,16,1,25,400,0,46,3742,511
B1,TRACE,420,34,1,16,1,25,400,0,45,3744,521
B1,TRACE,430,36,2,17,1,25,425,0,5671,476328,537
B1,TRACE,440,36,2,17,1,25,425,0,45,3740,541
B1,TRACE,450,39,3,18,1,25,450,0,5672,476334,557
B1,TRACE,460,39,3,18,1,25,450,0,46,3742,561
B1,TRACE,470,39,3,18,1,25,450,0,45,3744,571
B1,TRACE,480,40,1,19,1,25,475,0,5671,476328,587
B1,TRACE,490,40,1,19,1,25,475,0,45,3740,591
B1,TRACE,500,42,2,20,1,25,500,0,5671,476328,607
B1,TRACE,510,42,2,20,1,25,500,0,45,3740,611
B1,TRACE,520,42,2,20,1,25,500,0,46,3744,621
B1,TRACE,530,45,3,21,1,25,525,0,5672,476334,637
B1,TRACE,540,45,3,21,1,25,525,0,46,3740,641
B1,TRACE,550,46,1,22,1,25,550,0,5671,476328,657
B1,TRACE,560,46,1,22,1,25,550,0,45,3740,661
B1,TRACE,570,46,1,22,1,25,550,0,45,3744,671
B1,TRACE,580,48,2,23,1,25,575,0,5672,476334,687
B1,TRACE,590,48,2,23,1,25,575,0,46,3740,691
B1,TRACE,600,51,3,24,1,25,600,0,5672,476334,707
B1,TRACE,610,51,3,24,1,25,600,0,45,3740,711
B1,TRACE,620,51,3,24,1,25,600,0,45,3744,721
B1,TRACE,630,52,1,25,1,25,625,0,5671,476328,737
B1,TRACE,640,52,1,25,1,25,625,0,45,3740,741
B1,TRACE,650,54,2,26,1,25,650,0,5672,476334,757
B1,TRACE,660,54,2,26,1,25,650,0,45,3740,761
B1,TRACE,670,54,2,26,1,25,650,0,45,3744,771
B1,TRACE,680,57,3,27,1,25,675,0,5671,476328,787
B1,TRACE,690,57,3,27,1,25,675,0,45,3740,791
B1,TRACE,700,58,1,28,1,25,700,0,5671,476328,807
B1,TRACE,710,58,1,28,1,25,700,0,45,3740,811
B1,TRACE,720,58,1,28,1,25,700,0,46,3744,821
B1,TRACE,730,60,2,29,1,25,725,0,5671,476328,837
B1,TRACE,740,60,2,29,1,25,725,0,45,3740,841
B1,TRACE,750,63,3,30,1,25,750,0,5671,476328,857
B1,TRACE,760,63,3,30,1,25,750,0,45,3740,861
B1,TRACE,770,63,3,30,1,25,750,0,46,3744,871
B1,TRACE,780,64,1,31,1,25,775,0,5671,476330,887
B1,TRACE,790,64,1,31,1,25,775,0,45,3740,891
B1,TRACE,800,66,2,32,1,25,800,0,5671,476328,907
B1,TRACE,810,66,2,32,1,25,800,0,46,3742,911
B1,TRACE,820,66,2,32,1,25,800,0,45,3744,921
B1,TRACE,830,69,3,33,1,25,825,0,5671,476328,937
B1,TRACE,840,69,3,33,1,25,825,0,45,3740,941
B1,TRACE,850,70,1,34,1,25,850,0,5672,476334,957
B1,TRACE,860,70,1,34,1,25,850,0,46,3742,961
B1,TRACE,870,70,1,34,1,25,850,0,45,3744,971
B1,TRACE,880,72,2,35,1,25,875,0,5671,476328,987
B1,TRACE,890,72,2,35,1,25,875,0,45,3740,991
B1,TRACE,900,75,3,36,1,25,900,0,5671,476332,1007
B1,TRACE,910,75,3,36,1,25,900,0,45,3740,1011
B1,TRACE,920,75,3,36,1,25,900,0,45,3744,1021
B1,TRACE,930,76,1,37,1,25,925,0,5671,476328,1037
B1,TRACE,940,76,1,37,1,25,925,0,45,3740,1041
B1,TRACE,950,78,2,38,1,25,950,0,5671,476332,1057
B1,TRACE,960,78,2,38,1,25,950,0,45,3740,1061
B1,TRACE,970,78,2,38,1,25,950,0,45,3744,1071
B1,TRACE,980,81,3,39,1,25,975,0,5671,476332,1087
B1,TRACE,990,81,3,39,1,25,975,0,46,3742,1091
B1,TRACE,1000,82,1,40,1,25,1000,0,5671,476328,1107
B1,MEM,main-run,23128,23584,1584,0,16384,0,32,8
B1,IO,STOP,1,0,0,0
B1,STATE,STOP
B1,IO,FAULT,1,0,0,0
B1,STATE,FAULT,runtime_execution_timeout
B1,MEM,main-dropped,0,23584,1584,0,16384,0,32,8
B1,PREP,numeric-prepare,27123,11656
B1,MEM,numeric-prepare,15140,23716,431,0,16384,0,32,8
B1,MEM,numeric-instantiate,19604,19652,48,0,16384,0,32,8
B1,NUM,v_sqrt,3ff6a09e667f3bcd
B1,NUM,v_ln,3fe62e42fefa39ef
B1,NUM,v_log,3ff0000000000000
B1,NUM,v_exp,4005bf0a8b14576a
B1,NUM,v_sin,3fdeaee8744b05f0
B1,NUM,v_cos,3fec1528065b7d50
B1,NUM,v_tan,3fe17b4f5bf3474a
B1,NUM,v_asin,3fe0c152382d7366
B1,NUM,v_acos,3ff0c152382d7366
B1,NUM,v_atan,3fe921fb54442d18
B1,NUM,exact_root,0000000040400000
B1,NUM,exact_power,4020000000000000
B1,NUM,sum,0000000040700000
B1,NUM_STATE,15000000,1,40,9489,797056,1000000000,0,101
B1,MEM,numeric-run,19604,19716,1541,0,16384,0,32,8
B1,MEM,numeric-dropped,0,19716,1541,0,16384,0,32,8
B1,PREP,gpio-prepare,14964,6069
B1,MEM,gpio-prepare,8196,13164,280,0,16384,0,32,8
B1,MEM,gpio-instantiate,10868,10884,32,0,16384,0,32,8
B1,GPIO,physical,10,1,0,0,0,0
B1,GPIO,injected,20,1,0,0,0,0
B1,GPIO,injected,30,1,0,1,1,1
B1,GPIO,injected,40,1,0,0,0,0
B1,IO,gpio-STOP,1,0,0,0
B1,MEM,gpio-run,10868,11116,32,0,16384,0,32,8
B1,STACK,1,9680,6704,2311
B1,STACK,2,16344,40,2322
B1,STACK,3,16384,0,2332
B1,FAIL,panic_used_536946432_peak_536967904_allocations_536944568_failur
