B1,IDENTITY,10016433,00410016,30395119,35363638,512,84000000,00000000,04000000
B1,IO,BOOT,1,0,0,0
B1,MEM,boot,0,0,0,0,544,15840,32,8
B1,PREP,main-prepare,31909,12784
B1,MEM,main-prepare,18788,28272,494,0,9976,6408,32,8
B1,MEM,main-instantiate,22980,23212,95,0,13596,2788,32,8
B1,TRACE,0,3,0,0,0,0,0,0,45,3715,102
B1,TRACE,10,3,0,0,0,0,0,0,45,3717,112
B1,TRACE,20,3,0,0,0,0,0,0,45,3717,122
B1,TRACE,30,4,1,1,0,0,25,0,5762,483963,138
B1,TRACE,40,4,1,1,0,0,25,0,45,3715,142
B1,TRACE,50,6,2,2,0,20,50,0,5678,476905,158
B1,TRACE,60,6,2,2,0,20,50,0,45,3715,162
B1,TRACE,70,6,2,2,0,20,50,0,45,3717,172
B1,TRACE,80,9,3,3,1,25,75,0,5679,476919,188
B1,TRACE,90,9,3,3,1,25,75,0,45,3713,192
B1,TRACE,100,10,1,4,1,25,100,0,5678,476907,208
B1,TRACE,110,10,1,4,1,25,100,0,45,3717,212
B1,TRACE,120,10,1,4,1,25,100,0,45,3717,222
B1,TRACE,130,12,2,5,1,25,125,0,5678,476903,238
B1,TRACE,140,12,2,5,1,25,125,0,45,3717,242
B1,TRACE,150,15,3,6,1,25,150,0,5678,476915,258
B1,TRACE,160,15,3,6,1,25,150,0,45,3717,262
B1,TRACE,170,15,3,6,1,25,150,0,45,3719,272
B1,TRACE,180,16,1,7,1,25,175,0,5678,476877,288
B1,TRACE,190,16,1,7,1,25,175,0,45,3717,292
B1,TRACE,200,18,2,8,1,25,200,0,5678,476879,308
B1,TRACE,210,18,2,8,1,25,200,0,45,3717,312
B1,TRACE,220,18,2,8,1,25,200,0,45,3719,322
B1,TRACE,230,21,3,9,1,25,225,0,5678,476879,338
B1,TRACE,240,21,3,9,1,25,225,0,45,3719,342
B1,TRACE,250,22,1,10,1,25,250,0,5678,476903,358
B1,TRACE,260,22,1,10,1,25,250,0,45,3719,362
B1,TRACE,270,22,1,10,1,25,250,0,45,3719,372
B1,TRACE,280,24,2,11,1,25,275,0,5678,476915,388
B1,TRACE,290,24,2,11,1,25,275,0,45,3717,392
B1,TRACE,300,27,3,12,1,25,300,0,5678,476913,408
B1,TRACE,310,27,3,12,1,25,300,0,45,3719,412
B1,TRACE,320,27,3,12,1,25,300,0,45,3719,422
B1,TRACE,330,28,1,13,1,25,325,0,5678,476903,438
B1,TRACE,340,28,1,13,1,25,325,0,45,3717,442
B1,TRACE,350,30,2,14,1,25,350,0,5679,476925,458
B1,TRACE,360,30,2,14,1,25,350,0,45,3717,462
B1,TRACE,370,30,2,14,1,25,350,0,45,3719,472
B1,TRACE,380,33,3,15,1,25,375,0,5678,476917,488
B1,TRACE,390,33,3,15,1,25,375,0,45,3719,492
B1,TRACE,400,34,1,16,1,25,400,0,5678,476903,508
B1,TRACE,410,34,1,16,1,25,400,0,45,3717,512
B1,TRACE,420,34,1,16,1,25,400,0,45,3719,522
B1,TRACE,430,36,2,17,1,25,425,0,5678,476917,538
B1,TRACE,440,36,2,17,1,25,425,0,45,3719,542
B1,TRACE,450,39,3,18,1,25,450,0,5679,476915,558
B1,TRACE,460,39,3,18,1,25,450,0,45,3717,562
B1,TRACE,470,39,3,18,1,25,450,0,45,3719,572
B1,TRACE,480,40,1,19,1,25,475,0,5678,476917,588
B1,TRACE,490,40,1,19,1,25,475,0,45,3717,592
B1,TRACE,500,42,2,20,1,25,500,0,5678,476877,608
B1,TRACE,510,42,2,20,1,25,500,0,45,3719,612
B1,TRACE,520,42,2,20,1,25,500,0,45,3719,622
B1,TRACE,530,45,3,21,1,25,525,0,5679,476925,638
B1,TRACE,540,45,3,21,1,25,525,0,45,3717,642
B1,TRACE,550,46,1,22,1,25,550,0,5678,476913,658
B1,TRACE,560,46,1,22,1,25,550,0,45,3719,662
B1,TRACE,570,46,1,22,1,25,550,0,45,3719,672
B1,TRACE,580,48,2,23,1,25,575,0,5678,476917,688
B1,TRACE,590,48,2,23,1,25,575,0,45,3717,692
B1,TRACE,600,51,3,24,1,25,600,0,5679,476915,708
B1,TRACE,610,51,3,24,1,25,600,0,45,3717,712
B1,TRACE,620,51,3,24,1,25,600,0,45,3719,722
B1,TRACE,630,52,1,25,1,25,625,0,5678,476879,738
B1,TRACE,640,52,1,25,1,25,625,0,45,3719,742
B1,TRACE,650,54,2,26,1,25,650,0,5679,476915,758
B1,TRACE,660,54,2,26,1,25,650,0,45,3719,762
B1,TRACE,670,54,2,26,1,25,650,0,45,3719,772
B1,TRACE,680,57,3,27,1,25,675,0,5678,476877,788
B1,TRACE,690,57,3,27,1,25,675,0,45,3719,792
B1,TRACE,700,58,1,28,1,25,700,0,5678,476917,808
B1,TRACE,710,58,1,28,1,25,700,0,45,3719,812
B1,TRACE,720,58,1,28,1,25,700,0,45,3719,822
B1,TRACE,730,60,2,29,1,25,725,0,5678,476903,838
B1,TRACE,740,60,2,29,1,25,725,0,45,3717,842
B1,TRACE,750,63,3,30,1,25,750,0,5678,476915,858
B1,TRACE,760,63,3,30,1,25,750,0,45,3719,862
B1,TRACE,770,63,3,30,1,25,750,0,45,3719,872
B1,TRACE,780,64,1,31,1,25,775,0,5679,476925,888
B1,TRACE,790,64,1,31,1,25,775,0,45,3717,892
B1,TRACE,800,66,2,32,1,25,800,0,5678,476917,908
B1,TRACE,810,66,2,32,1,25,800,0,45,3717,912
B1,TRACE,820,66,2,32,1,25,800,0,45,3719,922
B1,TRACE,830,69,3,33,1,25,825,0,5678,476877,938
B1,TRACE,840,69,3,33,1,25,825,0,45,3719,942
B1,TRACE,850,70,1,34,1,25,850,0,5679,476915,958
B1,TRACE,860,70,1,34,1,25,850,0,45,3717,962
B1,TRACE,870,70,1,34,1,25,850,0,45,3719,972
B1,TRACE,880,72,2,35,1,25,875,0,5678,476877,988
B1,TRACE,890,72,2,35,1,25,875,0,45,3717,992
B1,TRACE,900,75,3,36,1,25,900,0,5678,476877,1008
B1,TRACE,910,75,3,36,1,25,900,0,45,3717,1012
B1,TRACE,920,75,3,36,1,25,900,0,45,3719,1022
B1,TRACE,930,76,1,37,1,25,925,0,5679,476925,1038
B1,TRACE,940,76,1,37,1,25,925,0,45,3719,1042
B1,TRACE,950,78,2,38,1,25,950,0,5678,476913,1058
B1,TRACE,960,78,2,38,1,25,950,0,45,3717,1062
B1,TRACE,970,78,2,38,1,25,950,0,45,3719,1072
B1,TRACE,980,81,3,39,1,25,975,0,5678,476903,1088
B1,TRACE,990,81,3,39,1,25,975,0,45,3717,1092
B1,TRACE,1000,82,1,40,1,25,1000,0,5678,476913,1108
B1,MEM,main-run,23268,23668,1584,0,13596,2788,32,8
B1,IO,STOP,1,0,0,0
B1,STATE,STOP
B1,IO,FAULT,1,0,0,0
B1,STATE,FAULT,runtime_execution_timeout
B1,MEM,main-dropped,0,23668,1584,0,13596,2788,32,8
B1,PREP,numeric-prepare,27123,11656
B1,MEM,numeric-prepare,15944,23716,432,0,13596,2788,32,8
B1,MEM,numeric-instantiate,20244,20292,48,0,13596,2788,32,8
B1,NUM,v_sqrt,3ff6a09e667f3bcd
B1,NUM,v_ln,3fe62e42fefa39ef
B1,NUM,v_log,3ff0000000000000
B1,NUM,v_exp,4005bf0a8b14576a
B1,NUM,v_sin,3fdeaee8744b05f0
B1,NUM,v_cos,3fec1528065b7d50
B1,NUM,v_tan,3fe17b4f5bf3474a
B1,NUM,v_asin,3fe0c152382d7366
B1,NUM,v_acos,3ff0c152382d7366
B1,NUM,v_atan,3fe921fb54442d18
B1,NUM,exact_root,0000000040400000
B1,NUM,exact_power,4020000000000000
B1,NUM,sum,0000000040700000
B1,NUM_STATE,15000000,1,40,9346,785046,1000000000,0,101
B1,MEM,numeric-run,20244,20356,1541,0,13596,2788,32,8
B1,MEM,numeric-dropped,0,20356,1541,0,13596,2788,32,8
B1,PREP,gpio-prepare,14964,6069
B1,MEM,gpio-prepare,9000,13164,281,0,13596,2788,32,8
B1,MEM,gpio-instantiate,11508,11524,32,0,13596,2788,32,8
B1,GPIO,physical,10,1,0,0,0,0
B1,GPIO,injected,20,1,0,0,0,0
B1,GPIO,injected,30,1,0,1,1,1
B1,GPIO,injected,40,1,0,0,0,0
B1,IO,gpio-STOP,1,0,0,0
B1,MEM,gpio-run,11508,11756,32,0,13596,2788,32,8
B1,STACK,1,7336,9048,2315
B1,STACK,2,10348,6036,2325
B1,STACK,3,10348,6036,2336
B1,STACK,4,10348,6036,2347
B1,IO,gpio-pre-safe,1,0,1,1
B1,IO,gpio-STOP-high,1,0,0,0
B1,IO,gpio-pre-safe,1,0,1,1
B1,IO,gpio-FAULT,1,0,0,0
B1,MEM,gpio-dropped,0,12496,146,0,13596,2788,32,8
B1,STACK_PEAK,13596
B1,STATE,WATCHDOG_ARM
B1,IDENTITY,10016433,00410016,30395119,35363638,512,84000000,00000000,24000000
B1,IO,watchdog-BOOT,1,0,0,0
B1,STATE,WATCHDOG_RESET
B1,DONE
